	Whitelands_2018/19_	Castle_Field_West_(W)	Toposcope_Field_-_1980s	Bradenham_post-1986_b	Lardon_Chase_The_Holies_motorcycle	Stonehenge_2000_2017a	Stonehenge_2003_2017b	Stonehenge_2009	Stonehenge_2007_2016	Stonehenge_2005	Stonehenge_2002_2017	Stonehenge_2010	Stonehenge_2011	Stonehenge_-_Luxenborough_BankB	Watlington_natural_reversion	St_Catherines_A3	HARLEY_FARMS_Chittern	HARLEY_FARMS_New1	HARLEY_FARMS_new2b	WINDMILL_farm	DRUIDS	Stratton_Wood	WESTMEAD_FARM	RSPB_orig_green	RSPB_churchil	RSPB_junction	RSPB_Mainline	Baltic_farm_1	Baltic_farm_2	WestEndFarm	HorntonHouseFarm_1_parallel	TownsendFarm_1	TownsendFarm_2	TownsendFarm_3_big	ChurchFarm	StowellFarms_1_adj	MannorFmAltonBarnes	HommingtonFarm	ThropeManor_1	ThropeManor_2	ThropeManor_3	MannorFmBroadChalke	BigleyFm_1	BigleyFm_2	NorringtonMannorFm_1	NorringtonMannorFm_2	ManorFmBerwickStJohn_1	ManorFmBerwickStJohn_3	Jemma_1	Jemma_2	Jemma_7	Jemma_4	Jemma_5	Jemma_6	Jemma_9	HomeFarm_WoodlandTrust_Hampshire_good_1c	Crux_easton_70b1	Crux_easton_70b2	Martin_Down_arabel_reversion	Parsonage_down_reversion	TARGET_MartinDown	TARGET_St_Catherines	TARGET_ParsonageDown	TARGET_KNEPP_A New_Barn_Field	Knepp_Pond_field	Knepp_Benton_field
Whitelands_2018/19_	0.0	0.6522539098436062	0.6549356223175966	0.7091503267973857	0.7556701030927835	0.654468085106383	0.7327376116978067	0.7032	0.7048092868988391	0.6957605985037406	0.676818950930626	0.689419795221843	0.7094488188976378	0.7211538461538461	0.7554479418886199	0.7439446366782007	0.6607445008460237	0.6070175438596491	0.7862993298585257	0.7407749077490775	0.7252289758534555	0.6925826630920465	0.6500974658869396	0.6563573883161512	0.6159003831417624	0.6473029045643154	0.6244343891402715	0.7732793522267206	0.7016520894071915	0.7398119122257053	0.5976095617529881	0.7336601307189542	0.5920303605313093	0.7304560260586319	0.6005361930294906	0.9352290679304898	0.6015118790496761	0.654178674351585	0.8321884200196271	0.8077709611451943	0.7263374485596708	0.6983640081799591	0.8006134969325154	0.7888198757763976	0.7391752577319588	0.72265625	0.8080313418217434	0.7689969604863222	0.750996015936255	0.7221135029354208	0.7264791464597479	0.7975077881619937	0.6898106402164111	0.6957720588235294	0.7768762677484787	0.927536231884058	0.6763285024154589	0.6789328426862925	0.8174273858921162	0.7949238578680203	0.8145833333333333	0.8499496475327291	0.8459152016546019	0.9376744186046512	0.9692451071761417	0.944396177237185
Castle_Field_West_(W)	0.6522539098436062	0.0	0.5192697768762677	0.6386321626617375	0.6503067484662577	0.5730880929332043	0.6546296296296297	0.6409335727109515	0.6401869158878505	0.6181474480151229	0.5881782945736435	0.627281460134486	0.6418439716312057	0.6764444444444444	0.7048736462093863	0.6878048780487804	0.6062322946175638	0.6524112829845314	0.7845171588188348	0.7163265306122449	0.6887661141804788	0.6809338521400778	0.5909592061742006	0.548804780876494	0.5705128205128205	0.6014692378328742	0.6023738872403561	0.7076023391812866	0.6252796420581656	0.7055359246171967	0.5827886710239651	0.6821917808219178	0.5977596741344195	0.690712353471596	0.6183712121212122	0.9264705882352942	0.6545866364665912	0.5541899441340782	0.7966666666666666	0.745260663507109	0.6357056694813028	0.6504629629629629	0.7279236276849642	0.7269461077844311	0.6730083234244947	0.650561797752809	0.7639198218262806	0.7010550996483002	0.6980703745743473	0.6343963553530751	0.6747252747252748	0.7591499409681228	0.5241228070175439	0.5141562853907135	0.7161214953271028	0.9253034547152195	0.5888268156424581	0.5801282051282052	0.7402439024390244	0.7203791469194313	0.7593261131167268	0.7894736842105263	0.7814009661835749	0.9406345957011258	0.9679752066115702	0.9437559580552908
Toposcope_Field_-_1980s	0.6549356223175966	0.5192697768762677	0.0	0.6220472440944882	0.6776677667766776	0.5928571428571429	0.6407342657342657	0.6351351351351351	0.640174672489083	0.6292725679228747	0.5801457194899818	0.6366874443455031	0.6439834024896266	0.6436487638533674	0.6818181818181818	0.67612076852699	0.6060070671378092	0.65961049957663	0.7864077669902912	0.7181903864278982	0.6957264957264957	0.6935483870967742	0.6268656716417911	0.5278564683663833	0.5951219512195122	0.6063464837049742	0.6301989150090416	0.7294736842105263	0.625	0.7209797657082002	0.5998003992015968	0.6611785095320624	0.6060320452403393	0.6695205479452054	0.6461405030355594	0.9247397918334668	0.6930091185410334	0.5755102040816327	0.8066465256797583	0.7635782747603834	0.6568627450980392	0.6791666666666667	0.7359307359307359	0.7432578209277239	0.6803900325027086	0.6649590163934426	0.7782258064516129	0.7086446104589115	0.7043568464730291	0.6376963350785341	0.6734279918864098	0.765524625267666	0.5447236180904522	0.570273003033367	0.7344573234984194	0.9244635193133047	0.5884177869700103	0.6052631578947368	0.7582056892778993	0.7276641550053822	0.7590361445783133	0.7852564102564102	0.7937024972855592	0.9423255813953488	0.9661971830985916	0.9423076923076923
Bradenham_post-1986_b	0.7091503267973857	0.6386321626617375	0.6220472440944882	0.0	0.7060702875399361	0.5938053097345133	0.6341463414634146	0.6253164556962025	0.6215978928884986	0.609347442680776	0.641313742437338	0.6214285714285714	0.6377171215880894	0.6348936170212766	0.572744014732965	0.641860465116279	0.6056091148115688	0.6440101954120646	0.7902511078286558	0.705937794533459	0.6812339331619537	0.6479779411764706	0.5872210953346856	0.634231103388358	0.5947775628626693	0.6023890784982935	0.6283662477558348	0.7076271186440678	0.6355329949238578	0.7261280167890871	0.6578199052132702	0.6357267950963222	0.6286764705882353	0.6338273757628596	0.6717299578059072	0.940625	0.7149901380670611	0.6267056530214425	0.8346303501945526	0.7693920335429769	0.658772874058127	0.665625	0.703622392974753	0.744136460554371	0.6734913793103449	0.6516393442622951	0.8106796116504854	0.7233820459290188	0.6545842217484008	0.6340956340956341	0.6696878147029205	0.7595744680851064	0.6421933085501859	0.6525023607176582	0.6875675675675675	0.9243840271877655	0.624750499001996	0.5787401574803149	0.7398463227222832	0.7067099567099567	0.7489082969432315	0.7621097954790097	0.7648351648351648	0.9400921658986175	0.9732718894009217	0.9438687392055267
Lardon_Chase_The_Holies_motorcycle	0.7556701030927835	0.6503067484662577	0.6776677667766776	0.7060702875399361	0.0	0.6796959826275787	0.6982570806100218	0.6903023983315955	0.6903719912472648	0.6870229007633588	0.6633221850613155	0.6768361581920904	0.7065989847715736	0.7014767932489452	0.7065934065934066	0.6776155717761557	0.6803900325027086	0.722048066875653	0.8287037037037037	0.7531172069825436	0.7312295973884657	0.7335640138408305	0.6596583442838371	0.6297142857142857	0.6415094339622641	0.6972193614830072	0.6978579481397971	0.646964856230032	0.6362359550561798	0.6735015772870663	0.6814159292035398	0.7147505422993492	0.7018561484918794	0.7133620689655172	0.7450365726227796	0.9221491228070176	0.710124826629681	0.6093959731543624	0.8060781476121563	0.7285714285714285	0.5942028985507246	0.7047075606276747	0.6946688206785138	0.7078651685393258	0.6466876971608833	0.6847977684797768	0.7616279069767442	0.7256371814092953	0.682962962962963	0.638205499276411	0.6685393258426966	0.7724458204334366	0.6297229219143576	0.6329442282749675	0.6838810641627543	0.9136253041362531	0.6617842876165113	0.6269230769230769	0.6974789915966386	0.6067796610169491	0.6509598603839442	0.7006688963210702	0.6893542757417103	0.9385245901639344	0.9548660084626234	0.9427860696517413
Stonehenge_2000_2017a	0.654468085106383	0.5730880929332043	0.5928571428571429	0.5938053097345133	0.6796959826275787	0.0	0.5902964959568733	0.5394265232974911	0.552073732718894	0.5014245014245015	0.4801932367149758	0.5614525139664804	0.5780845556514237	0.6139896373056994	0.6418563922942206	0.6294559099437148	0.5204460966542751	0.582963620230701	0.7630188679245283	0.6876790830945558	0.6443661971830986	0.6268656716417911	0.5673175745118191	0.5502304147465438	0.47429171038824763	0.4866112650046168	0.5241312741312741	0.6996805111821086	0.5856992639327024	0.7129237288135594	0.5886454183266933	0.6443478260869565	0.5875118259224219	0.6365217391304347	0.631624674196351	0.9255740300870943	0.6570545829042225	0.5433884297520661	0.8033932135728543	0.7552966101694916	0.6004489337822672	0.6405090137857901	0.7193932827735645	0.7308934337997847	0.6724137931034483	0.6547497446373851	0.7776669990029911	0.6964856230031949	0.6705263157894736	0.6358921161825726	0.6565040650406504	0.7571884984025559	0.603629417382999	0.6027397260273972	0.6864864864864865	0.9244482173174873	0.5942915392456677	0.5491967871485943	0.7483660130718954	0.6871569703622393	0.7505446623093682	0.7768331562167906	0.7582781456953642	0.933271547729379	0.9618249534450651	0.9365768896611643
Stonehenge_2003_2017b	0.7327376116978067	0.6546296296296297	0.6407342657342657	0.6341463414634146	0.6982570806100218	0.5902964959568733	0.0	0.5184162062615101	0.5209923664122137	0.5227703984819735	0.605570530098832	0.476	0.4751640112464855	0.5	0.6178861788617886	0.5798816568047337	0.6121908127208481	0.668918918918919	0.7751703255109765	0.7077363896848138	0.6745200698080279	0.6833030852994555	0.6365441906653426	0.6362038664323374	0.6339370829361296	0.6027633851468048	0.631578947368421	0.6813186813186813	0.6033755274261603	0.6879120879120879	0.6755218216318786	0.5746061167747915	0.6786355475763016	0.5636025998142989	0.7082294264339152	0.9243156199677939	0.7182817182817183	0.6328740157480315	0.8136958710976838	0.7360350492880613	0.6512651265126512	0.6740273396424816	0.6955056179775281	0.6959459459459459	0.6408529741863075	0.604951560818084	0.779128672745694	0.6692477876106194	0.6381578947368421	0.6234042553191489	0.5965480043149946	0.7252502780867631	0.6607806691449815	0.6663507109004739	0.6354285714285715	0.9212121212121213	0.624113475177305	0.6161321671525753	0.6698113207547169	0.6782902137232846	0.6952491309385863	0.7317620650953984	0.7147846332945286	0.9369708372530574	0.9620493358633776	0.9363395225464191
Stonehenge_2009	0.7032	0.6409335727109515	0.6351351351351351	0.6253164556962025	0.6903023983315955	0.5394265232974911	0.5184162062615101	0.0	0.4583732057416268	0.4850187265917603	0.5623885918003565	0.49477682811016144	0.5127753303964758	0.5273052820053715	0.6494057724957555	0.6050185873605948	0.5493333333333333	0.6335559265442404	0.7833333333333333	0.7168784029038112	0.6666666666666666	0.6760070052539404	0.6290630975143403	0.5888013998250219	0.5771428571428572	0.5463203463203463	0.5618698441796517	0.6641949152542372	0.601010101010101	0.7008281573498965	0.6332082551594747	0.608355091383812	0.6552631578947369	0.6017391304347826	0.6816326530612244	0.9295019157088122	0.7001934235976789	0.6017357762777242	0.8222433460076045	0.748712667353244	0.6409714889123548	0.6673387096774194	0.7323651452282157	0.7288842544316997	0.6582278481012658	0.6181262729124236	0.7896749521988528	0.7035897435897436	0.6635897435897435	0.6354481369587109	0.6144455747711088	0.753099173553719	0.6468468468468469	0.663023679417122	0.6817226890756303	0.9251644736842105	0.6329479768786127	0.6160298229263746	0.7417989417989418	0.692063492063492	0.7263948497854077	0.7658031088082902	0.7513397642015005	0.9366071428571429	0.9650537634408602	0.9378151260504202
Stonehenge_2007_2016	0.7048092868988391	0.6401869158878505	0.640174672489083	0.6215978928884986	0.6903719912472648	0.552073732718894	0.5209923664122137	0.4583732057416268	0.0	0.436308926780341	0.5517241379310345	0.4647887323943662	0.4846511627906977	0.5037735849056604	0.6345811051693404	0.594541910331384	0.5502304147465438	0.6218340611353712	0.7874251497005988	0.7095238095238096	0.6669588080631026	0.6742700729927007	0.625	0.5949367088607594	0.6	0.5418541854185418	0.5438765670202508	0.6569832402234637	0.610062893081761	0.6943231441048034	0.6253687315634219	0.5753931544865865	0.6526508226691042	0.5723502304147465	0.6813559322033899	0.9330143540669856	0.6927772126144456	0.6020100502512563	0.827037773359841	0.7338444687842278	0.5949656750572082	0.6705263157894736	0.7163355408388521	0.7082405345211581	0.6262740656851642	0.6012931034482759	0.7990049751243781	0.6844978165938864	0.6404371584699453	0.6168623265741728	0.601931330472103	0.7398463227222832	0.6399622997172478	0.6490891658676894	0.6606942889137738	0.9250645994832042	0.615071283095723	0.6005888125613347	0.7246049661399548	0.6760404949381328	0.7239819004524887	0.76013143483023	0.7345537757437071	0.9400749063670412	0.9650613786591123	0.9448336252189142
Stonehenge_2005	0.6957605985037406	0.6181474480151229	0.6292725679228747	0.609347442680776	0.6870229007633588	0.5014245014245015	0.5227703984819735	0.4850187265917603	0.436308926780341	0.0	0.5161596958174905	0.47005988023952094	0.49494020239190434	0.5425434583714547	0.6197309417040359	0.5959302325581395	0.5205992509363296	0.6084284460052678	0.780359820089955	0.6941514860977949	0.6453900709219859	0.6443825441039925	0.6012145748987854	0.577028258887876	0.5666003976143141	0.5168641750227895	0.52	0.6655629139072847	0.5879237288135594	0.6866812227074236	0.6171259842519685	0.5961887477313974	0.6287037037037037	0.5592592592592592	0.6606683804627249	0.9308426073131956	0.6856561546286877	0.5921450151057401	0.8235877106045589	0.73449401523395	0.6029411764705882	0.6344086021505376	0.7028824833702882	0.7133406835722161	0.6353467561521253	0.6219640971488912	0.7908366533864541	0.6883116883116883	0.6267837541163557	0.6313025210084033	0.603411513859275	0.7321624588364435	0.6268939393939394	0.6423777564717162	0.6360544217687075	0.9227467811158798	0.5936213991769548	0.5923379174852652	0.7050113895216401	0.6756152125279642	0.7261503928170595	0.7633007600434311	0.7294520547945206	0.9375	0.9633458646616542	0.9387040280210157
Stonehenge_2002_2017	0.676818950930626	0.5881782945736435	0.5801457194899818	0.641313742437338	0.6633221850613155	0.4801932367149758	0.605570530098832	0.5623885918003565	0.5517241379310345	0.5161596958174905	0.0	0.5719626168224299	0.5866551126516465	0.61792863359443	0.6821305841924399	0.6492048643592142	0.5155513666352498	0.6091549295774648	0.7813673929376409	0.7210179076343073	0.6687062937062938	0.6614535418583257	0.6174698795180723	0.5110047846889952	0.5351681957186545	0.54005400540054	0.5503355704697986	0.6855895196506551	0.6094240837696335	0.7062634989200864	0.592964824120603	0.6626192541196878	0.6345975948196114	0.6489547038327527	0.6638078902229846	0.9228295819935691	0.674562306900103	0.5321390937829295	0.806060606060606	0.7521551724137931	0.5845799769850403	0.6698212407991588	0.7432578209277239	0.7314410480349345	0.6648351648351648	0.6528497409326425	0.7885771543086172	0.7090909090909091	0.6828752642706131	0.6422594142259415	0.6434511434511434	0.7713675213675214	0.6078998073217726	0.6015857284440039	0.7034632034632035	0.927038626609442	0.6073619631901841	0.5889328063241107	0.7546754675467546	0.6929046563192904	0.7458379578246392	0.7819548872180451	0.7647714604236343	0.9391955098222639	0.9612109744560076	0.9402985074626866
Stonehenge_2010	0.689419795221843	0.627281460134486	0.6366874443455031	0.6214285714285714	0.6768361581920904	0.5614525139664804	0.476	0.49477682811016144	0.4647887323943662	0.47005988023952094	0.5719626168224299	0.0	0.4497098646034816	0.4854368932038835	0.5912067352666043	0.5356773526370218	0.532258064516129	0.6018018018018018	0.7419100236779794	0.6602822580645161	0.6105947955390335	0.6396568160152526	0.58	0.591705069124424	0.5695431472081218	0.5227062094531975	0.556420233463035	0.6513761467889908	0.565121412803532	0.6597938144329897	0.6169354838709677	0.5580952380952381	0.6274881516587678	0.5411877394636015	0.660245183887916	0.916597853014038	0.6816753926701571	0.6014344262295082	0.7788359788359789	0.6875725900116144	0.6183908045977011	0.6101123595505618	0.6560283687943262	0.6643109540636042	0.5952662721893491	0.5707865168539326	0.7502645502645503	0.6354166666666666	0.6143344709897611	0.5966850828729282	0.5586907449209932	0.6983758700696056	0.6309178743961352	0.6480938416422287	0.60381861575179	0.9128113879003559	0.5928270042194093	0.5772357723577236	0.6794258373205742	0.6785304247990815	0.6927639383155397	0.7417519908987485	0.7127532777115614	0.9209756097560976	0.9571150097465887	0.9272065514103731
Stonehenge_2011	0.7094488188976378	0.6418439716312057	0.6439834024896266	0.6377171215880894	0.7065989847715736	0.5780845556514237	0.4751640112464855	0.5127753303964758	0.4846511627906977	0.49494020239190434	0.5866551126516465	0.4497098646034816	0.0	0.49229374433363554	0.6212510711225364	0.5777153558052435	0.5726643598615917	0.6389802631578947	0.7861230329041488	0.7122302158273381	0.6582703610411419	0.6660854402789886	0.623696682464455	0.603595890410959	0.6128440366972477	0.5642978003384095	0.572841726618705	0.6855087358684481	0.6177339901477833	0.6956967213114754	0.641804788213628	0.5926892950391645	0.6513043478260869	0.5958549222797928	0.6809369951534734	0.9312688821752266	0.69164265129683	0.6203007518796992	0.818609022556391	0.7443991853360489	0.660164271047228	0.6732673267326733	0.7123572170301142	0.7260556127703398	0.6645962732919255	0.6222444889779559	0.7886792452830189	0.705050505050505	0.6423432682425488	0.6472906403940887	0.6254980079681275	0.7474437627811861	0.6560565870910698	0.6624662466246625	0.6670157068062827	0.9236393176279447	0.6392045454545454	0.6147465437788019	0.7200424178154825	0.6978193146417445	0.7167199148029819	0.7574511819116135	0.746822033898305	0.9366754617414248	0.9656084656084656	0.9387417218543046
Stonehenge_-_Luxenborough_BankB	0.7211538461538461	0.6764444444444444	0.6436487638533674	0.6348936170212766	0.7014767932489452	0.6139896373056994	0.5	0.5273052820053715	0.5037735849056604	0.5425434583714547	0.61792863359443	0.4854368932038835	0.49229374433363554	0.0	0.6005361930294906	0.55859375	0.5778761061946903	0.654424040066778	0.7829286239882266	0.707906976744186	0.6777210884353742	0.694468832309043	0.6542502387774594	0.6392459297343616	0.6334883720930232	0.6100840336134454	0.6140035906642729	0.6780748663101605	0.6051282051282051	0.6858974358974359	0.6679069767441861	0.5716878402903811	0.6713656387665198	0.589126559714795	0.7104622871046229	0.9297971918876755	0.7341650671785028	0.6441484300666033	0.8156097560975609	0.7367303609341825	0.6502673796791444	0.6925403225806451	0.7017353579175705	0.7021739130434783	0.6356673960612691	0.6139438085327783	0.7821393523061825	0.6776947705442903	0.6547368421052632	0.638689866939611	0.5970619097586569	0.7317596566523605	0.6633484162895927	0.6797804208600183	0.6513157894736842	0.9226890756302522	0.6492248062015504	0.6303939962476548	0.6847457627118644	0.6808278867102396	0.6855203619909502	0.7312295973884657	0.7133182844243793	0.9351598173515981	0.963302752293578	0.9355670103092784
Watlington_natural_reversion	0.7554479418886199	0.7048736462093863	0.6818181818181818	0.572744014732965	0.7065934065934066	0.6418563922942206	0.6178861788617886	0.6494057724957555	0.6345811051693404	0.6197309417040359	0.6821305841924399	0.5912067352666043	0.6212510711225364	0.6005361930294906	0.0	0.572289156626506	0.6669527896995708	0.6896551724137931	0.7924528301886793	0.7212643678160919	0.7037996545768567	0.6925182481751825	0.645	0.6798623063683304	0.6562203228869895	0.6520640269587195	0.6612758310871518	0.7096069868995634	0.6267087276550999	0.6889632107023411	0.7145522388059702	0.6244343891402715	0.6877256317689531	0.625	0.7337180544105524	0.9267100977198697	0.75	0.6817307692307693	0.8329979879275654	0.7516483516483516	0.671067106710671	0.7119170984455958	0.6600234466588512	0.7147688838782412	0.6685267857142857	0.6447507953340403	0.798582995951417	0.7133550488599348	0.6430155210643016	0.6511627906976745	0.6336528221512248	0.738255033557047	0.6944954128440367	0.7162661737523105	0.6575342465753424	0.9180616740088106	0.6679920477137177	0.6415458937198067	0.6925795053003534	0.7	0.6903073286052009	0.7188940092165899	0.717827626918536	0.9348659003831418	0.9583736689254598	0.9391226499552372
St_Catherines_A3	0.7439446366782007	0.6878048780487804	0.67612076852699	0.641860465116279	0.6776155717761557	0.6294559099437148	0.5798816568047337	0.6050185873605948	0.594541910331384	0.5959302325581395	0.6492048643592142	0.5356773526370218	0.5777153558052435	0.55859375	0.572289156626506	0.0	0.6314312441534145	0.6605839416058394	0.768352365415987	0.675531914893617	0.6510516252390057	0.6583416583416584	0.6129385964912281	0.659238625812442	0.6479591836734694	0.6322463768115942	0.6434108527131783	0.6715328467153284	0.5974625144175317	0.6707466340269278	0.6694214876033058	0.6048780487804878	0.67444120505345	0.6056201550387597	0.7259911894273128	0.9190140845070423	0.7255965292841648	0.651578947368421	0.7882219705549264	0.6941323345817728	0.6399026763990268	0.6716589861751152	0.6324675324675325	0.6624203821656051	0.6195244055068836	0.6007067137809188	0.7462857142857143	0.6514778325123153	0.6287787182587666	0.6161026837806302	0.5848161328588375	0.7153465346534653	0.6905697445972495	0.6838905775075987	0.5896103896103896	0.9130850047755492	0.6471861471861472	0.6219895287958115	0.6543535620052771	0.66625	0.649867374005305	0.6391478029294274	0.6790450928381963	0.9208025343189018	0.9566137566137566	0.9296187683284457
HARLEY_FARMS_Chittern	0.6607445008460237	0.6062322946175638	0.6060070671378092	0.6056091148115688	0.6803900325027086	0.5204460966542751	0.6121908127208481	0.5493333333333333	0.5502304147465438	0.5205992509363296	0.5155513666352498	0.532258064516129	0.5726643598615917	0.5778761061946903	0.6669527896995708	0.6314312441534145	0.0	0.588702559576346	0.7633760361718162	0.7104029990627929	0.6426056338028169	0.6768402154398564	0.6164519326065411	0.5616438356164384	0.5381526104417671	0.5108892921960072	0.5222007722007722	0.686358754027927	0.5983350676378772	0.6843243243243243	0.5666666666666667	0.6149068322981367	0.6144578313253012	0.6142983230361871	0.6334488734835355	0.9265402843601895	0.6687054026503568	0.5851703406813628	0.8061630218687873	0.7544973544973544	0.5887005649717514	0.6597077244258872	0.7172264355362947	0.7218614718614719	0.6334440753045404	0.6288981288981289	0.7781094527363184	0.6957446808510638	0.6613756613756614	0.6209424083769634	0.6222684703433923	0.7524012806830309	0.6110056925996205	0.6302681992337165	0.6871628910463862	0.9273034657650042	0.6036400404448938	0.5757874015748031	0.7461873638344226	0.693565976008724	0.7415115005476451	0.7863157894736842	0.7601760176017601	0.9402573529411765	0.963821892393321	0.9394463667820069
HARLEY_FARMS_New1	0.6070175438596491	0.6524112829845314	0.65961049957663	0.6440101954120646	0.722048066875653	0.582963620230701	0.668918918918919	0.6335559265442404	0.6218340611353712	0.6084284460052678	0.6091549295774648	0.6018018018018018	0.6389802631578947	0.654424040066778	0.6896551724137931	0.6605839416058394	0.588702559576346	0.0	0.7415902140672783	0.6797323135755258	0.6370044052863436	0.6177570093457944	0.5891238670694864	0.6115992970123023	0.5563241106719368	0.5674499564838991	0.5509433962264151	0.7287784679089027	0.642570281124498	0.695837780149413	0.570281124497992	0.6626814688300597	0.5741444866920152	0.651541095890411	0.6024734982332155	0.9285153181461115	0.6170886075949367	0.6107843137254902	0.8035714285714286	0.7452229299363057	0.6516129032258065	0.6558915537017727	0.7377919320594479	0.7382978723404255	0.6663078579117331	0.6653225806451613	0.7743538767395626	0.7163712200208551	0.6893704850361198	0.6726907630522089	0.6616314199395771	0.7563559322033898	0.6669691470054446	0.670064874884152	0.70276008492569	0.9203389830508475	0.631786771964462	0.6091954022988506	0.7556512378902045	0.7403141361256544	0.777542372881356	0.79375	0.799575821845175	0.9317343173431735	0.9611111111111111	0.9314236111111112
HARLEY_FARMS_new2b	0.7862993298585257	0.7845171588188348	0.7864077669902912	0.7902511078286558	0.8287037037037037	0.7630188679245283	0.7751703255109765	0.7833333333333333	0.7874251497005988	0.780359820089955	0.7813673929376409	0.7419100236779794	0.7861230329041488	0.7829286239882266	0.7924528301886793	0.768352365415987	0.7633760361718162	0.7415902140672783	0.0	0.5882936507936508	0.611013986013986	0.712108382726503	0.7023381294964028	0.7494217424826523	0.7316455696202532	0.7431124348473567	0.7584579071597167	0.8229842446709916	0.7652790079716564	0.7996201329534662	0.760777683854607	0.791885800150263	0.7654123298638911	0.7684691546077684	0.7449768160741885	0.8724939855653568	0.7887197851387645	0.7790794979079498	0.7355623100303952	0.7484662576687117	0.7865168539325843	0.7431539187913125	0.787192118226601	0.7645875251509054	0.782319391634981	0.7626811594202898	0.7275449101796407	0.7345924453280318	0.7941176470588235	0.7875555555555556	0.771505376344086	0.7306889352818372	0.7960159362549801	0.8001624695369618	0.7869481765834933	0.8176100628930818	0.7679033649698016	0.7703703703703704	0.802	0.8450834879406308	0.8433268858800773	0.8560533841754051	0.8612997090203686	0.7975951903807615	0.8966824644549763	0.8058161350844277
WINDMILL_farm	0.7407749077490775	0.7163265306122449	0.7181903864278982	0.705937794533459	0.7531172069825436	0.6876790830945558	0.7077363896848138	0.7168784029038112	0.7095238095238096	0.6941514860977949	0.7210179076343073	0.6602822580645161	0.7122302158273381	0.707906976744186	0.7212643678160919	0.675531914893617	0.7104029990627929	0.6797323135755258	0.5882936507936508	0.0	0.5530054644808743	0.6090808416389811	0.5841346153846154	0.6939364773820982	0.6395604395604395	0.6688493919550982	0.6883116883116883	0.7310606060606061	0.6575505350772889	0.7009102730819246	0.6773127753303965	0.7148325358851675	0.6739356178608515	0.689922480620155	0.7007648183556405	0.8747534516765286	0.7016706443914081	0.6907894736842105	0.6858288770053476	0.6397163120567376	0.6765083440308087	0.6385696040868455	0.680327868852459	0.6569037656903766	0.6631578947368421	0.6573170731707317	0.646112600536193	0.6229508196721312	0.681360201511335	0.6678787878787878	0.6593939393939394	0.6414285714285715	0.7114788004136504	0.7174603174603175	0.6750663129973474	0.8177727784026997	0.6693363844393593	0.6670281995661606	0.7148760330578512	0.7579214195183777	0.7570093457943925	0.788860103626943	0.8007915567282322	0.8043478260869565	0.9103030303030303	0.8182883939038686
DRUIDS	0.7252289758534555	0.6887661141804788	0.6957264957264957	0.6812339331619537	0.7312295973884657	0.6443661971830986	0.6745200698080279	0.6666666666666666	0.6669588080631026	0.6453900709219859	0.6687062937062938	0.6105947955390335	0.6582703610411419	0.6777210884353742	0.7037996545768567	0.6510516252390057	0.6426056338028169	0.6370044052863436	0.611013986013986	0.5530054644808743	0.0	0.5751503006012024	0.5732484076433121	0.6438112199465716	0.6181102362204725	0.6182608695652174	0.6505474452554745	0.7313109425785482	0.6482254697286013	0.7183718371837183	0.6398009950248756	0.6657824933687002	0.6412429378531074	0.6506666666666666	0.6796536796536796	0.8790737564322469	0.7018633540372671	0.6494538232373386	0.7016949152542373	0.6510791366906474	0.6685205784204672	0.6219239373601789	0.6713615023474179	0.6748826291079812	0.6444954128440367	0.6317494600431965	0.6801346801346801	0.6332945285215367	0.6786492374727668	0.6642027455121436	0.6652675760755509	0.6606714628297362	0.6865116279069767	0.6975425330812854	0.6865839909808342	0.8475378787878788	0.6411042944785276	0.6310107948969578	0.7235772357723578	0.7529923830250272	0.7646396396396397	0.7940854326396495	0.7961926091825308	0.8324496288441146	0.9143730886850153	0.8512720156555773
Stratton_Wood	0.6925826630920465	0.6809338521400778	0.6935483870967742	0.6479779411764706	0.7335640138408305	0.6268656716417911	0.6833030852994555	0.6760070052539404	0.6742700729927007	0.6443825441039925	0.6614535418583257	0.6396568160152526	0.6660854402789886	0.694468832309043	0.6925182481751825	0.6583416583416584	0.6768402154398564	0.6177570093457944	0.712108382726503	0.6090808416389811	0.5751503006012024	0.0	0.5614430665163472	0.6565096952908587	0.612668743509865	0.630963096309631	0.6471716203259827	0.7437357630979499	0.6735135135135135	0.733256351039261	0.6454640250260688	0.6923774954627949	0.6372646184340932	0.6830154405086285	0.6730418943533698	0.9083700440528635	0.6613995485327314	0.661139896373057	0.7560414269275029	0.6687657430730478	0.6795321637426901	0.6224852071005917	0.6896551724137931	0.6803482587064676	0.6816568047337278	0.6482525366403608	0.7293577981651376	0.6528623629719854	0.6778290993071594	0.6817180616740088	0.6841530054644809	0.68875	0.7027027027027027	0.7106299212598425	0.6986951364175563	0.8855480116391853	0.6382289416846653	0.6417604912998977	0.7224287484510533	0.7479674796747967	0.7617328519855595	0.7861339600470035	0.7882069795427196	0.9010638297872341	0.9483122362869199	0.904950495049505
WESTMEAD_FARM	0.6500974658869396	0.5909592061742006	0.6268656716417911	0.5872210953346856	0.6596583442838371	0.5673175745118191	0.6365441906653426	0.6290630975143403	0.625	0.6012145748987854	0.6174698795180723	0.58	0.623696682464455	0.6542502387774594	0.645	0.6129385964912281	0.6164519326065411	0.5891238670694864	0.7023381294964028	0.5841346153846154	0.5732484076433121	0.5614430665163472	0.0	0.5891393442622951	0.4970131421744325	0.5555555555555556	0.5788912579957356	0.6671001300390117	0.5691158156911582	0.6679738562091503	0.5785797438882422	0.6437810945273632	0.5524553571428571	0.6429277942631059	0.6084762865792129	0.9108818011257036	0.6080402010050251	0.5883720930232558	0.7540372670807454	0.6643929058663028	0.5986666666666667	0.5324324324324324	0.6343490304709142	0.6347222222222222	0.6037735849056604	0.5683269476372924	0.6994949494949495	0.6238286479250335	0.5978975032851511	0.5799492385786802	0.6081582200247219	0.656984785615491	0.6133625410733844	0.6031746031746031	0.6322147651006711	0.8866943866943867	0.5520195838433293	0.5442890442890443	0.6727019498607242	0.7029831387808041	0.7183288409703504	0.7467191601049868	0.7496635262449529	0.8959537572254336	0.9509132420091324	0.9075451647183846
RSPB_orig_green	0.6563573883161512	0.548804780876494	0.5278564683663833	0.634231103388358	0.6297142857142857	0.5502304147465438	0.6362038664323374	0.5888013998250219	0.5949367088607594	0.577028258887876	0.5110047846889952	0.591705069124424	0.603595890410959	0.6392459297343616	0.6798623063683304	0.659238625812442	0.5616438356164384	0.6115992970123023	0.7494217424826523	0.6939364773820982	0.6438112199465716	0.6565096952908587	0.5891393442622951	0.0	0.5124223602484472	0.5334538878842676	0.5586272640610105	0.696969696969697	0.6006322444678609	0.7034632034632035	0.5655737704918032	0.6567944250871081	0.6166822867853796	0.6675257731958762	0.6285211267605634	0.9193548387096774	0.674562306900103	0.5428870292887029	0.7926455566905005	0.7494600431965442	0.6164229471316085	0.6585365853658537	0.7281659388646288	0.7272727272727273	0.6604189636163176	0.6570247933884298	0.7700915564598169	0.7159574468085106	0.6884210526315789	0.625	0.6490683229813664	0.7594390507011867	0.5535535535535535	0.5587334014300307	0.7145922746781116	0.9102005231037489	0.6073619631901841	0.5833333333333334	0.7641921397379913	0.6870824053452116	0.7416481069042317	0.7793326157158235	0.7756906077348066	0.9210275927687916	0.9502868068833652	0.9213583556747096
RSPB_churchil	0.6159003831417624	0.5705128205128205	0.5951219512195122	0.5947775628626693	0.6415094339622641	0.47429171038824763	0.6339370829361296	0.5771428571428572	0.6	0.5666003976143141	0.5351681957186545	0.5695431472081218	0.6128440366972477	0.6334883720930232	0.6562203228869895	0.6479591836734694	0.5381526104417671	0.5563241106719368	0.7316455696202532	0.6395604395604395	0.6181102362204725	0.612668743509865	0.4970131421744325	0.5124223602484472	0.0	0.5148221343873518	0.5101604278074866	0.6670761670761671	0.5809859154929577	0.6612903225806451	0.5443181818181818	0.6511848341232227	0.5486631016042781	0.6465028355387523	0.6096618357487923	0.9261213720316622	0.6062052505966588	0.5339470655926352	0.7795637198622273	0.7125154894671624	0.5829081632653061	0.5904059040590406	0.6957605985037406	0.699501246882793	0.6418835192069393	0.6299303944315545	0.7354988399071926	0.689156626506024	0.6470588235294118	0.6030805687203792	0.6304849884526559	0.7192546583850932	0.5908607863974495	0.5802197802197803	0.6711822660098522	0.9104046242774566	0.5529685681024447	0.5357941834451901	0.7257861635220125	0.684863523573201	0.7283018867924528	0.7682038834951457	0.7512626262626263	0.9259259259259259	0.9574014909478168	0.9301868239921337
RSPB_junction	0.6473029045643154	0.6014692378328742	0.6063464837049742	0.6023890784982935	0.6972193614830072	0.4866112650046168	0.6027633851468048	0.5463203463203463	0.5418541854185418	0.5168641750227895	0.54005400540054	0.5227062094531975	0.5642978003384095	0.6100840336134454	0.6520640269587195	0.6322463768115942	0.5108892921960072	0.5674499564838991	0.7431124348473567	0.6688493919550982	0.6182608695652174	0.630963096309631	0.5555555555555556	0.5334538878842676	0.5148221343873518	0.0	0.4604878048780488	0.7014314928425358	0.5989949748743718	0.716751269035533	0.5739299610894941	0.6232876712328768	0.6007259528130672	0.617948717948718	0.617872340425532	0.9226053639846743	0.6564051638530288	0.5765853658536585	0.7906976744186046	0.7289719626168224	0.6285714285714286	0.6221532091097308	0.6973544973544974	0.7114375655823715	0.6501580611169653	0.629889669007021	0.7633365664403492	0.6889804325437693	0.6680203045685279	0.629145728643216	0.6398809523809523	0.735966735966736	0.6338155515370705	0.6273234200743495	0.6860706860706861	0.9195402298850575	0.5958702064896755	0.570334928229665	0.7546777546777547	0.7204522096608428	0.7619047619047619	0.7866531850353893	0.7796257796257796	0.9237668161434978	0.9625668449197861	0.9320469798657718
RSPB_Mainline	0.6244343891402715	0.6023738872403561	0.6301989150090416	0.6283662477558348	0.6978579481397971	0.5241312741312741	0.631578947368421	0.5618698441796517	0.5438765670202508	0.52	0.5503355704697986	0.556420233463035	0.572841726618705	0.6140035906642729	0.6612758310871518	0.6434108527131783	0.5222007722007722	0.5509433962264151	0.7584579071597167	0.6883116883116883	0.6505474452554745	0.6471716203259827	0.5788912579957356	0.5586272640610105	0.5101604278074866	0.4604878048780488	0.0	0.6951631046119235	0.5843439911797134	0.6750861079219288	0.5450643776824035	0.6492335437330928	0.5835806132542037	0.6435643564356436	0.590316573556797	0.9280397022332506	0.6280353200883002	0.58	0.8008429926238145	0.7511210762331838	0.6177156177156177	0.6218961625282167	0.7261363636363637	0.7281001137656428	0.6431054461181923	0.6538049303322615	0.7723919915700738	0.7106430155210643	0.6629588431590656	0.631004366812227	0.639697950377562	0.7345537757437071	0.6358325219084713	0.6343656343656343	0.6871444823663254	0.9193548387096774	0.6038135593220338	0.5991902834008097	0.7508610792192881	0.7072892938496583	0.745958429561201	0.7793952967525196	0.7756041426927502	0.9365853658536586	0.9666666666666667	0.9378995433789954
Baltic_farm_1	0.7732793522267206	0.7076023391812866	0.7294736842105263	0.7076271186440678	0.646964856230032	0.6996805111821086	0.6813186813186813	0.6641949152542372	0.6569832402234637	0.6655629139072847	0.6855895196506551	0.6513761467889908	0.6855087358684481	0.6780748663101605	0.7096069868995634	0.6715328467153284	0.686358754027927	0.7287784679089027	0.8229842446709916	0.7310606060606061	0.7313109425785482	0.7437357630979499	0.6671001300390117	0.696969696969697	0.6670761670761671	0.7014314928425358	0.6951631046119235	0.0	0.5647058823529412	0.548885077186964	0.6997518610421837	0.6431014823261118	0.7241770715096482	0.6375	0.7579814624098867	0.9190371991247265	0.7483266398929049	0.6653846153846154	0.7865497076023392	0.6978998384491115	0.604133545310016	0.678726483357453	0.656198347107438	0.6522462562396006	0.5592654424040067	0.6398852223816356	0.7579710144927536	0.6492890995260664	0.5718849840255591	0.5666666666666667	0.527047913446677	0.7003257328990228	0.6894484412470024	0.684472049689441	0.5781512605042017	0.9101941747572816	0.6727989487516426	0.6482412060301508	0.6505190311418685	0.6053962900505903	0.6032315978456014	0.676818950930626	0.6378378378378379	0.9346049046321526	0.9581005586592178	0.9325842696629213
Baltic_farm_2	0.7016520894071915	0.6252796420581656	0.625	0.6355329949238578	0.6362359550561798	0.5856992639327024	0.6033755274261603	0.601010101010101	0.610062893081761	0.5879237288135594	0.6094240837696335	0.565121412803532	0.6177339901477833	0.6051282051282051	0.6267087276550999	0.5974625144175317	0.5983350676378772	0.642570281124498	0.7652790079716564	0.6575505350772889	0.6482254697286013	0.6735135135135135	0.5691158156911582	0.6006322444678609	0.5809859154929577	0.5989949748743718	0.5843439911797134	0.5647058823529412	0.0	0.5543964232488823	0.5879518072289157	0.552863436123348	0.6102449888641426	0.5666305525460456	0.6713286713286714	0.9193391642371235	0.671267252195734	0.5792682926829268	0.7831632653061225	0.6993006993006993	0.5726495726495726	0.6117804551539491	0.6281112737920937	0.6325036603221084	0.5356083086053413	0.582010582010582	0.7423076923076923	0.625	0.5477888730385164	0.5200553250345782	0.5206043956043956	0.6866096866096866	0.6123147092360319	0.6115023474178404	0.5565476190476191	0.9092849519743863	0.5590851334180432	0.5576923076923077	0.658753709198813	0.6217391304347826	0.643609022556391	0.7020057306590258	0.6766917293233082	0.9214285714285714	0.9593301435406698	0.9288840262582057
WestEndFarm	0.7398119122257053	0.7055359246171967	0.7209797657082002	0.7261280167890871	0.6735015772870663	0.7129237288135594	0.6879120879120879	0.7008281573498965	0.6943231441048034	0.6866812227074236	0.7062634989200864	0.6597938144329897	0.6956967213114754	0.6858974358974359	0.6889632107023411	0.6707466340269278	0.6843243243243243	0.695837780149413	0.7996201329534662	0.7009102730819246	0.7183718371837183	0.733256351039261	0.6679738562091503	0.7034632034632035	0.6612903225806451	0.716751269035533	0.6750861079219288	0.548885077186964	0.5543964232488823	0.0	0.6726114649681528	0.6359447004608295	0.6923976608187135	0.6504524886877828	0.7328405491024287	0.9161147902869757	0.7132963988919667	0.674775928297055	0.7701492537313432	0.6776859504132231	0.618066561014263	0.6700879765395894	0.6482412060301508	0.6326530612244898	0.5400340715502555	0.6367583212735166	0.7355126300148589	0.6217532467532467	0.5700483091787439	0.5692541856925418	0.5156739811912225	0.6843853820598007	0.6982035928143713	0.7016029593094945	0.5714285714285714	0.9068627450980392	0.6541554959785523	0.6540880503144654	0.6373239436619719	0.640728476821192	0.6408450704225352	0.7001675041876047	0.6559139784946236	0.9207232267037552	0.9548022598870056	0.9307304785894207
HorntonHouseFarm_1_parallel	0.5976095617529881	0.5827886710239651	0.5998003992015968	0.6578199052132702	0.6814159292035398	0.5886454183266933	0.6755218216318786	0.6332082551594747	0.6253687315634219	0.6171259842519685	0.592964824120603	0.6169354838709677	0.641804788213628	0.6679069767441861	0.7145522388059702	0.6694214876033058	0.5666666666666667	0.570281124497992	0.760777683854607	0.6773127753303965	0.6398009950248756	0.6454640250260688	0.5785797438882422	0.5655737704918032	0.5443181818181818	0.5739299610894941	0.5450643776824035	0.6997518610421837	0.5879518072289157	0.6726114649681528	0.0	0.6411764705882353	0.5267857142857143	0.6508704061895552	0.5561277033985582	0.9197080291970803	0.5737704918032787	0.5221027479091995	0.7872340425531915	0.7219387755102041	0.5942408376963351	0.6172069825436409	0.7162849872773537	0.6901041666666666	0.62109375	0.6332138590203107	0.7669789227166276	0.6796482412060302	0.6592865928659286	0.6123936816524909	0.6305125148986889	0.7272727272727273	0.5927947598253275	0.5867117117117117	0.6925972396486826	0.9146825396825397	0.5642857142857143	0.5739910313901345	0.7582697201017812	0.7339108910891089	0.7732997481108312	0.7955665024630542	0.797979797979798	0.9323144104803494	0.9636963696369637	0.932994923857868
